0.000000000000000000e+00 0.000000000000000000e+00
5.000000000000000278e-02 1.311423877269160812e+03
1.000000000000000056e-01 9.273167166269781774e+02
1.499999999999999944e-01 7.571509285630525028e+02
2.000000000000000111e-01 6.557119386345804060e+02
2.500000000000000000e-01 5.864865873780368020e+02
2.999999999999999889e-01 5.353865559686256574e+02
3.499999999999999778e-01 4.956716346637557535e+02
4.000000000000000222e-01 4.636583583134890887e+02
4.500000000000000111e-01 4.371412924230535282e+02
5.000000000000000000e-01 4.147086430099664653e+02
5.500000000000000444e-01 3.954091765468086237e+02
5.999999999999999778e-01 3.785754642815262514e+02
6.500000000000000222e-01 3.637235410278270820e+02
6.999999999999999556e-01 3.504927741125626426e+02
7.500000000000000000e-01 3.386081890988145346e+02
8.000000000000000444e-01 3.278559693172902030e+02
8.499999999999999778e-01 3.180670097610470748e+02
9.000000000000000222e-01 3.091055722089926689e+02
9.499999999999999556e-01 3.008612712190820275e+02
1.000000000000000000e+00 2.932432936890184010e+02
1.050000000000000044e+00 2.861761517027812260e+02
1.100000000000000089e+00 2.795965100796371416e+02
1.149999999999999911e+00 2.734507813492361379e+02
1.199999999999999956e+00 2.676932779843128287e+02
1.250000000000000000e+00 2.622847754538321396e+02
1.300000000000000044e+00 2.571913823379599648e+02
1.350000000000000089e+00 2.523836428543508816e+02
1.399999999999999911e+00 2.478358173318778768e+02
1.449999999999999956e+00 2.435253003829573402e+02
1.500000000000000000e+00 2.394321466770685447e+02
1.550000000000000044e+00 2.355386815620517496e+02
1.600000000000000089e+00 2.318291791567445443e+02
1.649999999999999911e+00 2.282895945193482419e+02
1.699999999999999956e+00 2.249073394737641820e+02
1.750000000000000000e+00 2.216710939253197807e+02
1.800000000000000044e+00 2.185706462115267641e+02
1.850000000000000089e+00 2.155967573511151727e+02
1.899999999999999911e+00 2.127410450754179294e+02
1.949999999999999956e+00 2.099958843230198511e+02
2.000000000000000000e+00 2.073543215049832327e+02
2.049999999999999822e+00 2.048100003436664451e+02
2.100000000000000089e+00 2.023570974829067382e+02
2.149999999999999911e+00 1.999902663835881924e+02
2.200000000000000178e+00 1.977045882734043118e+02
2.250000000000000000e+00 1.954955291260122578e+02
2.299999999999999822e+00 1.933589018128047883e+02
2.350000000000000089e+00 1.912908327080020285e+02
2.399999999999999911e+00 1.892877321407631257e+02
2.450000000000000178e+00 1.873462681813086306e+02
2.500000000000000000e+00 1.854633433253956127e+02
2.549999999999999822e+00 1.836360737058798520e+02
2.600000000000000089e+00 1.818617705139135410e+02
2.649999999999999911e+00 1.801379233574682530e+02
2.700000000000000178e+00 1.784621853228752570e+02
2.750000000000000000e+00 1.768323595371759325e+02
2.799999999999999822e+00 1.752463870562813213e+02
2.850000000000000089e+00 1.737023359270700098e+02
2.899999999999999911e+00 1.721983912912800747e+02
2.950000000000000178e+00 1.707328464159216423e+02
3.000000000000000000e+00 1.693040945494072673e+02
3.049999999999999822e+00 1.679106215150444257e+02
3.100000000000000089e+00 1.665509989642656308e+02
3.149999999999999911e+00 1.652238782212519084e+02
3.200000000000000178e+00 1.639279846586451015e+02
3.250000000000000000e+00 1.626621125510310151e+02
3.299999999999999822e+00 1.614251203589584236e+02
3.350000000000000089e+00 1.602159264015647580e+02
3.399999999999999911e+00 1.590335048805235374e+02
3.450000000000000178e+00 1.578768822220949914e+02
3.500000000000000000e+00 1.567451337076337268e+02
3.549999999999999822e+00 1.556373803660506780e+02
3.600000000000000089e+00 1.545527861044963345e+02
3.649999999999999911e+00 1.534905550559800815e+02
3.700000000000000178e+00 1.524499291248041857e+02
3.750000000000000000e+00 1.514301857126105233e+02
3.799999999999999822e+00 1.504306356095410138e+02
3.850000000000000089e+00 1.494506210365270249e+02
3.899999999999999911e+00 1.484895138260731358e+02
3.950000000000000178e+00 1.475467137301027662e+02
4.000000000000000000e+00 1.466216468445092005e+02
4.049999999999999822e+00 1.457137641410178333e+02
4.099999999999999645e+00 1.448225400978256516e+02
4.150000000000000355e+00 1.439474714212599054e+02
4.200000000000000178e+00 1.430880758513906130e+02
4.250000000000000000e+00 1.422438910451580796e+02
4.299999999999999822e+00 1.414144735311392651e+02
4.349999999999999645e+00 1.405993977305848830e+02
4.400000000000000355e+00 1.397982550398185708e+02
4.450000000000000178e+00 1.390106529695030986e+02
4.500000000000000000e+00 1.382362143366554790e+02
4.549999999999999822e+00 1.374745765056326832e+02
4.599999999999999645e+00 1.367253906746180689e+02
4.650000000000000355e+00 1.359883212044201173e+02
4.700000000000000178e+00 1.352630449866496463e+02
4.750000000000000000e+00 1.345492508485736494e+02
4.799999999999999822e+00 1.338466389921564144e+02
4.849999999999999645e+00 1.331549204649903970e+02
4.900000000000000355e+00 1.324738166609968744e+02
4.950000000000000178e+00 1.318030588489361890e+02
5.000000000000000000e+00 1.311423877269160698e+02
5.049999999999999822e+00 1.304915530012195291e+02
5.099999999999999645e+00 1.298503129879002813e+02
5.150000000000000355e+00 1.292184342357040521e+02
5.200000000000000178e+00 1.285956911689799824e+02
5.250000000000000000e+00 1.279818657493421910e+02
5.299999999999999822e+00 1.273767471549283670e+02
5.349999999999999645e+00 1.267801314761839393e+02
5.400000000000000355e+00 1.261918214271754408e+02
5.450000000000000178e+00 1.256116260715039203e+02
5.500000000000000000e+00 1.250393605619547657e+02
5.549999999999999822e+00 1.244748458930767612e+02
5.599999999999999645e+00 1.239179086659389384e+02
5.650000000000000355e+00 1.233683808643628907e+02
5.700000000000000178e+00 1.228260996419748494e+02
5.750000000000000000e+00 1.222909071194647197e+02
5.799999999999999822e+00 1.217626501914786701e+02
5.849999999999999645e+00 1.212411803426090131e+02
5.900000000000000355e+00 1.207263534719795217e+02
5.950000000000000178e+00 1.202180297259548780e+02
6.000000000000000000e+00 1.197160733385342724e+02
6.049999999999999822e+00 1.192203524790146076e+02
6.099999999999999645e+00 1.187307391065357081e+02
6.150000000000000355e+00 1.182471088311431657e+02
6.200000000000000178e+00 1.177693407810258748e+02
6.250000000000000000e+00 1.172973174756073718e+02
6.299999999999999822e+00 1.168309247041875523e+02
6.349999999999999645e+00 1.163700514098508307e+02
6.400000000000000355e+00 1.159145895783722722e+02
6.450000000000000178e+00 1.154644341318696092e+02
6.500000000000000000e+00 1.150194828269634542e+02
6.549999999999999822e+00 1.145796361572212589e+02
6.599999999999999645e+00 1.141447972596741209e+02
6.650000000000000355e+00 1.137148718252065152e+02
6.700000000000000178e+00 1.132897680126312565e+02
6.750000000000000000e+00 1.128693963662715163e+02
6.799999999999999822e+00 1.124536697368820910e+02
6.849999999999999645e+00 1.120425032057513022e+02
6.900000000000000355e+00 1.116358140118332614e+02
6.950000000000000178e+00 1.112335214817686904e+02
7.000000000000000000e+00 1.108355469626598904e+02
7.049999999999999822e+00 1.104418137574726302e+02
7.099999999999999645e+00 1.100522470629444740e+02
7.150000000000000355e+00 1.096667739098855208e+02
7.200000000000000178e+00 1.092853231057633820e+02
7.250000000000000000e+00 1.089078251794696257e+02
7.299999999999999822e+00 1.085342123281706250e+02
7.349999999999999645e+00 1.081644183661503718e+02
7.400000000000000355e+00 1.077983786755575863e+02
7.450000000000000178e+00 1.074360301589740914e+02
7.500000000000000000e+00 1.070773111937251372e+02
7.549999999999999822e+00 1.067221615878568457e+02
7.599999999999999645e+00 1.063705225377089647e+02
7.650000000000000355e+00 1.060223365870157011e+02
7.700000000000000178e+00 1.056775475874691637e+02
7.750000000000000000e+00 1.053361006606848207e+02
7.799999999999999822e+00 1.049979421615099255e+02
7.849999999999999645e+00 1.046630196426193606e+02
7.900000000000000355e+00 1.043312818203459358e+02
7.950000000000000178e+00 1.040026785416944648e+02
8.000000000000000000e+00 1.036771607524916163e+02
8.050000000000000711e+00 1.033546804666254531e+02
8.099999999999999645e+00 1.030351907363309039e+02
8.150000000000000355e+00 1.027186456234794463e+02
8.199999999999999289e+00 1.024050001718332226e+02
8.250000000000000000e+00 1.020942103802252063e+02
8.300000000000000711e+00 1.017862331766296222e+02
8.349999999999999645e+00 1.014810263930873049e+02
8.400000000000000355e+00 1.011785487414533691e+02
8.449999999999999289e+00 1.008787597899354296e+02
8.500000000000000000e+00 1.005816199403917039e+02
8.550000000000000711e+00 1.002870904063606616e+02
8.599999999999999645e+00 9.999513319179409621e+01
8.650000000000000355e+00 9.970571107046730219e+01
8.699999999999999289e+00 9.941878756604106115e+01
8.750000000000000000e+00 9.913432693275115071e+01
8.800000000000000711e+00 9.885229413670215592e+01
8.849999999999999645e+00 9.857265483774339998e+01
8.900000000000000355e+00 9.829537537190552143e+01
8.949999999999999289e+00 9.802042273437784559e+01
9.000000000000000000e+00 9.774776456300612892e+01
9.050000000000000711e+00 9.747736912229292727e+01
9.099999999999999645e+00 9.720920528788170145e+01
9.150000000000000355e+00 9.694324253150826110e+01
9.199999999999999289e+00 9.667945090640239414e+01
9.250000000000000000e+00 9.641780103312419214e+01
9.300000000000000711e+00 9.615826408581983742e+01
9.349999999999999645e+00 9.590081177888195896e+01
9.400000000000000355e+00 9.564541635400101427e+01
9.449999999999999289e+00 9.539205056759374202e+01
9.500000000000000000e+00 9.514068767859627940e+01
9.550000000000000711e+00 9.489130143660899819e+01
9.599999999999999645e+00 9.464386607038156285e+01
9.650000000000000355e+00 9.439835627662647255e+01
9.699999999999999289e+00 9.415474720915010209e+01
9.750000000000000000e+00 9.391301446829095312e+01
9.800000000000000711e+00 9.367313409065431529e+01
9.849999999999999645e+00 9.343508253913415729e+01
9.900000000000000355e+00 9.319883669321238528e+01
9.949999999999999289e+00 9.296437383952665812e+01
1.000000000000000000e+01 9.273167166269780637e+01
1.005000000000000071e+01 9.250070823640869833e+01
1.009999999999999964e+01 9.227146201472609732e+01
1.015000000000000036e+01 9.204391182365823454e+01
1.019999999999999929e+01 9.181803685293992601e+01
1.025000000000000000e+01 9.159381664803866840e+01
1.030000000000000071e+01 9.137123110237426715e+01
1.034999999999999964e+01 9.115026044974538877e+01
1.040000000000000036e+01 9.093088525695677049e+01
1.044999999999999929e+01 9.071308641664063543e+01
1.050000000000000000e+01 9.049684514026621684e+01
1.055000000000000071e+01 9.028214295133192024e+01
1.059999999999999964e+01 9.006896167873412651e+01
1.065000000000000036e+01 8.985728345030753417e+01
1.069999999999999929e+01 8.964709068653174029e+01
1.075000000000000000e+01 8.943836609439884455e+01
1.080000000000000071e+01 8.923109266143762852e+01
1.084999999999999964e+01 8.902525364988908052e+01
1.090000000000000036e+01 8.882083259102934392e+01
1.094999999999999929e+01 8.861781327963517185e+01
1.100000000000000000e+01 8.841617976858796624e+01
1.105000000000000071e+01 8.821591636361233668e+01
1.109999999999999964e+01 8.801700761814505825e+01
1.115000000000000036e+01 8.781943832833074737e+01
1.119999999999999929e+01 8.762319352814066065e+01
1.125000000000000000e+01 8.742825848461069427e+01
1.130000000000000071e+01 8.723461869319569928e+01
1.134999999999999964e+01 8.704225987323623315e+01
1.140000000000000036e+01 8.685116796353500490e+01
1.144999999999999929e+01 8.666132911803941852e+01
1.150000000000000000e+01 8.647272970162775607e+01
1.155000000000000071e+01 8.628535628599563267e+01
1.159999999999999964e+01 8.609919564564003736e+01
1.165000000000000036e+01 8.591423475393841613e+01
1.169999999999999929e+01 8.573046077931998354e+01
1.175000000000000000e+01 8.554786108152654833e+01
1.180000000000000071e+01 8.536642320796082117e+01
1.184999999999999964e+01 8.518613489011947593e+01
1.190000000000000036e+01 8.500698404010864806e+01
1.194999999999999929e+01 8.482895874723980967e+01
1.200000000000000000e+01 8.465204727470363366e+01
1.205000000000000071e+01 8.447623805631997129e+01
1.209999999999999964e+01 8.430151969336164086e+01
1.215000000000000036e+01 8.412788095145027967e+01
1.219999999999999929e+01 8.395531075752221284e+01
1.225000000000000000e+01 8.378379819686240637e+01
1.230000000000000071e+01 8.361333251020501223e+01
1.234999999999999964e+01 8.344390309089833124e+01
1.240000000000000036e+01 8.327549948213281539e+01
1.244999999999999929e+01 8.310811137423037565e+01
1.250000000000000000e+01 8.294172860199329023e+01
1.255000000000000071e+01 8.277634114211144833e+01
1.259999999999999964e+01 8.261193911062595419e+01
1.265000000000000036e+01 8.244851276044822441e+01
1.269999999999999929e+01 8.228605247893267460e+01
1.275000000000000000e+01 8.212454878550181547e+01
1.280000000000000071e+01 8.196399232932255075e+01
1.284999999999999964e+01 8.180437388703205670e+01
1.290000000000000036e+01 8.164568436051244760e+01
1.294999999999999929e+01 8.148791477471247902e+01
1.300000000000000000e+01 8.133105627551550754e+01
1.305000000000000071e+01 8.117510012765244198e+01
1.309999999999999964e+01 8.102003771265849252e+01
1.315000000000000036e+01 8.086586052687269444e+01
1.319999999999999929e+01 8.071256017947921180e+01
1.325000000000000000e+01 8.056012839058921315e+01
1.330000000000000071e+01 8.040855698936259444e+01
1.334999999999999964e+01 8.025783791216827012e+01
1.340000000000000036e+01 8.010796320078237898e+01
1.344999999999999929e+01 7.995892500062335273e+01
1.350000000000000000e+01 7.981071555902285297e+01
1.355000000000000071e+01 7.966332722353202200e+01
1.359999999999999964e+01 7.951675244026176870e+01
1.365000000000000036e+01 7.937098375225684777e+01
1.369999999999999929e+01 7.922601379790224030e+01
1.375000000000000000e+01 7.908183530936173611e+01
1.380000000000000071e+01 7.893844111104749572e+01
1.384999999999999964e+01 7.879582411812006626e+01
1.390000000000000036e+01 7.865397733501815480e+01
1.394999999999999929e+01 7.851289385401724985e+01
1.400000000000000000e+01 7.837256685381686339e+01
1.405000000000000071e+01 7.823298959815512887e+01
1.409999999999999964e+01 7.809415543445062724e+01
1.415000000000000036e+01 7.795605779247070188e+01
1.419999999999999929e+01 7.781869018302533902e+01
1.425000000000000000e+01 7.768204619668648547e+01
1.430000000000000071e+01 7.754611950253199382e+01
1.434999999999999964e+01 7.741090384691352710e+01
1.440000000000000036e+01 7.727639305224816724e+01
1.444999999999999929e+01 7.714258101583297389e+01
1.450000000000000000e+01 7.700946170868201079e+01
1.455000000000000071e+01 7.687702917438541306e+01
1.459999999999999964e+01 7.674527752799004077e+01
1.465000000000000036e+01 7.661420095490095150e+01
1.469999999999999929e+01 7.648379370980367753e+01
1.475000000000000000e+01 7.635405011560641242e+01
1.480000000000000071e+01 7.622496456240209284e+01
1.484999999999999964e+01 7.609653150644940922e+01
1.490000000000000036e+01 7.596874546917301529e+01
1.494999999999999929e+01 7.584160103618175697e+01
1.500000000000000000e+01 7.571509285630526165e+01
1.505000000000000071e+01 7.558921564064787901e+01
1.509999999999999964e+01 7.546396416166005849e+01
1.515000000000000036e+01 7.533933325222641031e+01
1.519999999999999929e+01 7.521531780477050688e+01
1.525000000000000000e+01 7.509191277037561463e+01
1.530000000000000071e+01 7.496911315792139874e+01
1.534999999999999964e+01 7.484691403323604675e+01
1.540000000000000036e+01 7.472531051826351245e+01
1.544999999999999929e+01 7.460429779024569541e+01
1.550000000000000000e+01 7.448387108091900188e+01
1.555000000000000071e+01 7.436402567572528710e+01
1.559999999999999964e+01 7.424475691303656788e+01
1.565000000000000036e+01 7.412606018339347713e+01
1.569999999999999929e+01 7.400793092875697710e+01
1.575000000000000000e+01 7.389036464177326025e+01
1.580000000000000071e+01 7.377335686505138312e+01
1.584999999999999964e+01 7.365690319045336310e+01
1.590000000000000036e+01 7.354099925839678065e+01
1.594999999999999929e+01 7.342564075716923355e+01
1.600000000000000000e+01 7.331082342225460025e+01
1.605000000000000071e+01 7.319654303567095610e+01
1.610000000000000142e+01 7.308279542531964523e+01
1.614999999999999858e+01 7.296957646434574940e+01
1.619999999999999929e+01 7.285688207050891663e+01
1.625000000000000000e+01 7.274470820556541639e+01
1.630000000000000071e+01 7.263305087466019927e+01
1.635000000000000142e+01 7.252190612572938733e+01
1.639999999999999858e+01 7.241127004891282581e+01
1.644999999999999929e+01 7.230113877597622718e+01
1.650000000000000000e+01 7.219150847974326268e+01
1.655000000000000071e+01 7.208237537353686264e+01
1.660000000000000142e+01 7.197373571062995268e+01
1.664999999999999858e+01 7.186558578370505757e+01
1.669999999999999929e+01 7.175792192432302841e+01
1.675000000000000000e+01 7.165074050240041004e+01
1.680000000000000071e+01 7.154403792569530651e+01
1.685000000000000142e+01 7.143781063930171626e+01
1.689999999999999858e+01 7.133205512515215219e+01
1.694999999999999929e+01 7.122676790152819137e+01
1.700000000000000000e+01 7.112194552257903979e+01
